[[[0.11228149 0.0844083 ]
  [0.04916425 0.03864397]
  [0.02366998 0.0185326 ]
  ...
  [0.00918704 0.0072157 ]
  [0.01264348 0.01078897]
  [0.00303544 0.00292283]]
 [[0.11228149 0.0844083 ]
  [0.04916425 0.03864397]
  [0.02366998 0.0185326 ]
  ...
  [0.00918704 0.0072157 ]
  [0.01264348 0.01078897]
  [0.00303544 0.00292283]]
 [[0.11228149 0.0844083 ]
  [0.04916425 0.03864397]
  [0.02366998 0.0185326 ]
  ...
  [0.00918704 0.0072157 ]
  [0.01264348 0.01078897]
  [0.00303544 0.00292283]]
 ...
 [[0.0188524  0.01367166]
  [0.04088569 0.0312853 ]
  [0.04784076 0.03889984]
  ...
  [0.03559892 0.0296549 ]
  [0.01524979 0.01473123]
  [0.02660725 0.02721707]]
 [[0.0188524  0.01367166]
  [0.04088569 0.0312853 ]
  [0.04784076 0.03889984]
  ...
  [0.03559892 0.0296549 ]
  [0.01524979 0.01473123]
  [0.02660725 0.02721707]]
 [[0.0188524  0.01367166]
  [0.04088569 0.0312853 ]
  [0.04784076 0.03889984]
  ...
  [0.03559892 0.0296549 ]
  [0.01524979 0.01473123]
  [0.02660725 0.02721707]]]

| t-Student
| 0.05 | 5 | [0.01193802 0.0097426 ] |
| 0.05 | 10 | [0.01193802 0.0097426 ] |
| 0.05 | 100 | [0.01193802 0.0097426 ] |
| 0.05 | 500 | [0.01193802 0.0097426 ] |
| 0.05 | 1000 | [0.01193802 0.0097426 ] |
| 0.5 | 5 | [0.01369843 0.01318892] |
| 0.5 | 10 | [0.01369843 0.01318892] |
| 0.5 | 100 | [0.01369843 0.01318892] |
| 0.5 | 500 | [0.01369843 0.01318892] |
| 0.5 | 1000 | [0.01369843 0.01318892] |
| 1 | 5 | [0.020445  0.0200938] |
| 1 | 10 | [0.020445  0.0200938] |
| 1 | 100 | [0.020445  0.0200938] |
| 1 | 500 | [0.020445  0.0200938] |
| 1 | 1000 | [0.020445  0.0200938] |
| 2 | 5 | [0.0244168  0.01965337] |
| 2 | 10 | [0.0244168  0.01965337] |
| 2 | 100 | [0.0244168  0.01965337] |
| 2 | 500 | [0.0244168  0.01965337] |
| 2 | 1000 | [0.0244168  0.01965337] |
| 100 | 5 | [0.02517757 0.02250379] |
| 100 | 10 | [0.02517757 0.02250379] |
| 100 | 100 | [0.02517757 0.02250379] |
| 100 | 500 | [0.02517757 0.02250379] |
| 100 | 1000 | [0.02517757 0.02250379] |

| Wilcoxon
| 0.05 | 5 | [0.01193802 0.0097426 ] |
| 0.05 | 10 | [0.01193802 0.0097426 ] |
| 0.05 | 100 | [0.01193802 0.0097426 ] |
| 0.05 | 500 | [0.01193802 0.0097426 ] |
| 0.05 | 1000 | [0.01193802 0.0097426 ] |
| 0.5 | 5 | [0.01369843 0.01318892] |
| 0.5 | 10 | [0.01369843 0.01318892] |
| 0.5 | 100 | [0.01369843 0.01318892] |
| 0.5 | 500 | [0.01369843 0.01318892] |
| 0.5 | 1000 | [0.01369843 0.01318892] |
| 1 | 5 | [0.020445  0.0200938] |
| 1 | 10 | [0.020445  0.0200938] |
| 1 | 100 | [0.020445  0.0200938] |
| 1 | 500 | [0.020445  0.0200938] |
| 1 | 1000 | [0.020445  0.0200938] |
| 2 | 5 | [0.0244168  0.01965337] |
| 2 | 10 | [0.0244168  0.01965337] |
| 2 | 100 | [0.0244168  0.01965337] |
| 2 | 500 | [0.0244168  0.01965337] |
| 2 | 1000 | [0.0244168  0.01965337] |
| 100 | 5 | [0.02517757 0.02250379] |
| 100 | 10 | [0.02517757 0.02250379] |
| 100 | 100 | [0.02517757 0.02250379] |
| 100 | 500 | [0.02517757 0.02250379] |
| 100 | 1000 | [0.02517757 0.02250379] |