[[[0.00476535 0.0171782 ]
  [0.03314747 0.06461998]
  [0.01434363 0.05869576]
  ...
  [0.23269847 0.19657402]
  [0.25577059 0.22644203]
  [0.17329782 0.17171322]]
 [[0.20281119 0.16842221]
  [0.25848239 0.20658731]
  [0.26325749 0.20590354]
  ...
  [0.28634347 0.21767313]
  [0.28634347 0.21767313]
  [0.28562991 0.21709505]]
 [[0.01296833 0.01033197]
  [0.07996625 0.06161398]
  [0.03729358 0.03223756]
  ...
  [0.07151454 0.05268343]
  [0.0137304  0.01254176]
  [0.01851006 0.0166518 ]]]

| t-Student
| IncrKmeans | [0.21198418 0.18085701] |
| AlgMiniBatchKMeans | [0.28176005 0.2156898 ] |
| AlgBirch | [0.04410573 0.03410072] |

| Wilcoxon
| IncrKmeans | [0.21198418 0.18085701] |
| AlgMiniBatchKMeans | [0.28176005 0.2156898 ] |
| AlgBirch | [0.04410573 0.03410072] |