[[[ 4.40000000e-01  4.60546028e-01]
  [ 4.40000000e-01  4.60546028e-01]
  [ 4.40000000e-01  4.60546028e-01]
  ...
  [ 4.23834013e-02  4.98791914e-02]
  [-3.88918487e-02  3.36581986e-05]
  [-2.73972603e-02  1.36390030e-02]]
 [[ 0.00000000e+00  2.05706595e-02]
  [ 0.00000000e+00  2.05706595e-02]
  [ 0.00000000e+00  2.05706595e-02]
  ...
  [ 9.55843235e-02  1.59456449e-01]
  [ 1.59402242e-01  1.63755574e-01]
  [-1.06780566e-03  3.12077348e-02]]
 [[ 6.93333333e-01  6.56534632e-01]
  [ 6.93333333e-01  6.56534632e-01]
  [ 6.93333333e-01  6.56534632e-01]
  ...
  [-1.47601476e-02  2.45814465e-03]
  [ 2.40809803e-01  2.02099942e-01]
  [ 0.00000000e+00  0.00000000e+00]]]

| t-Student
| IncrKmeans | [0.09997676 0.14369294] |
| AlgMiniBatchKMeans | [0.07782582 0.10127887] |
| AlgBirch | [0.12199822 0.1554285 ] |

| Wilcoxon
| IncrKmeans | [0.09997676 0.14369294] |
| AlgMiniBatchKMeans | [0.07782582 0.10127887] |
| AlgBirch | [0.12199822 0.1554285 ] |